10,305
10,9
10,169
10,87
10,149
10,79
10,7
10,171
10,2
10,3
11,15
9,7
9,5
9,2
9,3
8,8
8,15
8,6
8,16
48,4
48,3
48,2
48,1
48,0
47,3
47,2
47,1
47,0
46,2
46,0
45,5
45,4
45,3
45,2
45,1
45,0
44,4
44,3
44,2
44,1
44,0
42,5
42,4
42,3
42,2
42,1
42,0
39,5
39,4
39,3
39,2
39,1
39,0
37,5
37,4
37,3
37,2
37,1
37,0
35,5
35,4
35,3
35,2
35,1
35,0
28,5
28,1
25,3
25,1
20,3
20,2
20,1
19,3
19,2
19,1
12,3
12,2
12,1
11,29
11,28
11,27
11,26
11,25
11,23
11,22
11,21
11,20
11,18
11,17
11,16
11,14
11,13
11,12
11,11
11,9
11,8
11,7
11,1
11,6
11,3
11,2
10,306
10,236
18,1
10,216
18,3
10,168
10,104
